1.924314572969059100e+03
1.085744082469188243e+03
6.127392697147761282e+02
2.844328875460386143e+02
1.021839864765752850e+02
2.426003522729994799e+01
2.208061926424543575e+00
9.909487837181316650e-01
3.055461098413111198e+00
3.287536307020456849e+00
2.142248853263810204e+00
1.009321815975942727e+00
4.851772562122655397e-01
4.296060412397650352e-01
5.098908262979635619e-01
5.368698382020395954e-01
4.958505098817846402e-01
4.413168430047088031e-01
4.108965655327964095e-01
4.056443268249900203e-01
4.096330446044290086e-01
4.108457985543400581e-01
4.072803356523284068e-01
4.023291910869414845e-01
3.989250275794101186e-01
3.974636818784119674e-01
3.968355095520595399e-01
3.960394559387713787e-01
3.948534300602389857e-01
3.935473557934316968e-01
3.923950476184474567e-01
3.914422318879609564e-01
3.905952009265800107e-01
3.897560704341253013e-01
3.888983167768693683e-01
3.880442717919074802e-01
3.872212898500582701e-01
3.864382376428170396e-01
3.856830442696182470e-01
3.849417597778990174e-01
3.842111226524210776e-01
3.834949907187349405e-01
3.827978546386466285e-01
3.821207238045462584e-01
3.814591764168439592e-01
3.808101617331154931e-01
3.801717556120265962e-01
3.795448347319179128e-01
3.789297020772749991e-01
3.783251921188136579e-01
3.777316715427023186e-01
3.771503425475323246e-01
3.765804674677820096e-01
3.760218545256921452e-01
3.754723070738998358e-01
3.749338876926464059e-01
3.744060465992950504e-01
3.738879190402353281e-01
3.733793014398761323e-01
3.728793902511048919e-01
3.723864332783012321e-01
3.719007252208161307e-01
3.714223549473789632e-01
3.709528907082240146e-01
3.704918562586719255e-01
3.700377278076614207e-01
3.695888899690525364e-01
3.691452488494734174e-01
3.687094415471955933e-01
3.682818592923687295e-01
3.678603268934331205e-01
3.674451734853200757e-01
3.670350614677673762e-01
3.666307056282618881e-01
3.662322498802978998e-01
3.658396297318899926e-01
3.654529635580744396e-01
3.650721047015897947e-01
3.646959760678428752e-01
3.643249744372202836e-01
3.639596374097016085e-01
3.636003116947418290e-01
3.632445099682496958e-01
3.628942787929101410e-01
3.625465139132660886e-01
3.622056228610537887e-01
3.618714557892622197e-01
3.615412547407919064e-01
3.612153585527982935e-01
3.608937182900990304e-01
3.605749094733354254e-01
3.602603395332109604e-01
3.599504308059140456e-01
3.596443654313528637e-01
3.593411147605450884e-01
3.590410546416747950e-01
3.587465613127013841e-01
3.584565279217074019e-01
3.581699688191253839e-01
3.578870918590616457e-01
3.576073512604913684e-01
3.573314522878097144e-01
3.570599918831607877e-01
3.567917699507094920e-01
3.565264349898546459e-01
3.562646401766912940e-01
3.560076229441045403e-01
3.557528697209069168e-01
3.555004984311063709e-01
3.552511344024572026e-01
3.550045098544263311e-01
3.547606891967124976e-01
3.545194515225632004e-01
3.542814754145929279e-01
3.540465251722281215e-01
3.538153390105552853e-01
3.535868211969488972e-01
3.533611226182897802e-01
3.531385811905551342e-01
3.529180722194986686e-01
3.526993955166724537e-01
3.524829191232387582e-01
3.522700007770486197e-01
3.520598431800325834e-01
3.518521777017341590e-01
3.516469443253213423e-01
3.514445829710682312e-01
3.512449543521163342e-01
3.510481223147227103e-01
3.508542260039999583e-01
3.506630828806395761e-01
3.504744197324648480e-01
3.502877166092721040e-01
3.501026570745706112e-01
3.499202089457872922e-01
3.497397262092305503e-01
3.495609800572639925e-01
3.493849527999134952e-01
3.492110601568430006e-01
3.490392114066481755e-01
3.488690259923467596e-01
3.487014341758941094e-01
3.485357260364397858e-01
3.483724843196718823e-01
3.482118214368704612e-01
3.480531833177559764e-01
3.478967207790178984e-01
3.477419126086715995e-01
3.475891565037635966e-01
3.474392732159039543e-01
3.472911549838668677e-01
3.471453635213107569e-01
3.470021133772174804e-01
3.468605822448576625e-01
3.467207450405370706e-01
3.465826322565950801e-01
3.464461568200011832e-01
3.463119706664671282e-01
3.461792636642802012e-01
3.460482359153903564e-01
3.459186083146876256e-01
3.457903782853686270e-01
3.456642230845962671e-01
3.455401061408159280e-01
3.454172991311306729e-01
3.452960797034576590e-01
3.451762276059145429e-01
3.450583725766119825e-01
3.449421579802277038e-01
3.448275835273485468e-01
3.447148808648458629e-01
3.446035929055100144e-01
3.444937894374883181e-01
3.443858094895264621e-01
3.442790052167442605e-01
3.441733404862436507e-01
3.440685597994659339e-01
3.439653720394200698e-01
3.438635865767231126e-01
3.437637189291264939e-01
3.436654513693898072e-01
3.435684612751785383e-01
3.434722508165911625e-01
3.433771129522695253e-01
3.432834882378557606e-01
3.431915721465279012e-01
3.431012793860391819e-01
3.430121679507563415e-01
3.429240630624105779e-01
3.428373191609950799e-01
3.427516811859472878e-01
3.426669529964990191e-01
3.425834272926662205e-01
3.425010003140703252e-01
3.424199290756685388e-01
3.423400213352640331e-01
3.422612544771205800e-01
3.421838426988909054e-01
3.421077274835296333e-01
3.420327562311251124e-01
3.419594430930885665e-01
3.418874039121692632e-01
3.418166838906482874e-01
3.417471657991106859e-01
3.416785595183676194e-01
3.416111998252280846e-01
3.415446889672245634e-01
3.414793805498692048e-01
3.414150013978060061e-01
3.413512663717840900e-01
3.412886157618169602e-01
3.412272592584111863e-01
3.411665398914248137e-01
3.411067007248310134e-01
3.410476441132916370e-01
3.409898432123203982e-01
3.409328581416495307e-01
3.408763232496057616e-01
3.408206204214433988e-01
3.407658223991485436e-01
3.407122241812686192e-01
3.406596367701227868e-01
3.406076981462809461e-01
3.405564466687315828e-01
3.405062487858934728e-01
3.404566753948560787e-01
3.404076537454800433e-01
3.403595065689584143e-01
3.403121976954226469e-01
3.402656899467307872e-01
3.402200056140315398e-01
3.401750549544864111e-01
3.401308313502972025e-01
3.400872807709046652e-01
3.400445236389483261e-01
3.400024081194599201e-01
3.399611204874842807e-01
3.399203942697724412e-01
3.398805448115183592e-01
3.398414707911937005e-01
3.398030992547141915e-01
3.397653381100282366e-01
3.397283680103190262e-01
3.396920764193881448e-01
3.396565247849507307e-01
3.396214040853591243e-01
3.395869958717769865e-01
3.395532793673045613e-01
3.395206424035863146e-01
3.394884674970538030e-01
3.394568550803157558e-01
3.394257748292417443e-01
3.393951974353900947e-01
3.393652046421873347e-01
3.393358399825716076e-01
3.393068897021247476e-01
3.392785055790481508e-01
3.392509044490374381e-01
3.392236708931290479e-01
3.391969291009156451e-01
3.391705695493655304e-01
3.391445727199416393e-01
3.391190569006247713e-01
3.390942590209795049e-01
3.390699775282913775e-01
3.390461814461696033e-01
3.390227502007454041e-01
3.389998561404071187e-01
3.389774978525273430e-01
3.389555009845560130e-01
3.389341324604090433e-01
3.389131135104979098e-01
3.388923239725927794e-01
3.388719332555236718e-01
3.388519742907616372e-01
3.388322964984016306e-01
3.388130693558749629e-01
3.387944023039168306e-01
3.387758421326528824e-01
3.387576328850241403e-01
3.387401108344523792e-01
3.387228749086222956e-01
3.387060072163215474e-01
3.386896699932688826e-01
3.386737398923143627e-01
3.386581430832290573e-01
3.386429183425540002e-01
3.386281203826108088e-01
3.386135378536148655e-01
3.385992272769500766e-01
3.385851469628685662e-01
3.385713629657451373e-01
3.385578306546959682e-01
3.385444990708137980e-01
3.385313785495213668e-01
3.385185140173663787e-01
3.385059058853017722e-01
3.384935677971261381e-01
3.384815032143946856e-01
3.384696027436661647e-01
3.384579952998677532e-01
3.384466497510624228e-01
3.384355978987974578e-01
3.384247059506857447e-01
3.384142866593766730e-01
3.384040686366044381e-01
3.383940275449061064e-01
3.383842788462899653e-01
3.383747603233519530e-01
3.383653685163440783e-01
3.383561807398087762e-01
3.383472358392231039e-01
3.383384793138576319e-01
3.383299372143414585e-01
3.383217410775314904e-01
3.383136863877150846e-01
3.383056816515893628e-01
3.382978208392453112e-01
3.382900840478051396e-01
3.382824855478270276e-01
3.382749490863716235e-01
3.382675138481447963e-01
3.382603017263177136e-01
3.382532301206674363e-01
3.382463160668748303e-01
3.382395343744387661e-01
3.382329392814815150e-01
3.382264814811143938e-01
3.382201023251456551e-01
3.382138674014891211e-01
3.382076732159735033e-01
3.382015394697514554e-01
3.381955627964579048e-01
3.381898383728110247e-01
3.381842781773838347e-01
3.381788280461692220e-01
3.381734563657121106e-01
3.381681986425412734e-01
3.381632083191831728e-01
3.381583553931374331e-01
3.381536463315177876e-01
3.381490286174892446e-01
3.381444748143395129e-01
3.381401278257303855e-01
3.381358083162174233e-01
3.381314527723950913e-01
3.381271765580871058e-01
3.381229041905884358e-01
3.381186519106273991e-01
3.381145605671757037e-01
3.381105967895615128e-01
3.381066876526898635e-01
3.381030165769390861e-01
3.380993412804490506e-01
3.380958410508556056e-01
3.380923840948227288e-01
3.380890484693712672e-01
3.380858081099016310e-01
3.380827160183073610e-01
3.380796423312931176e-01
3.380766156634399944e-01
3.380736443946836256e-01
3.380707251554622705e-01
3.380678968273216345e-01
3.380651313558790672e-01
3.380624788997795838e-01
3.380598780285681282e-01
3.380573635897471396e-01
3.380549099340074970e-01
3.380525156961510236e-01
3.380502097245537962e-01
3.380479868908621843e-01
3.380457296415031454e-01
3.380435314128013014e-01
3.380413329760574848e-01
3.380391645423548308e-01
3.380370333937256500e-01
3.380349013498060717e-01
3.380327400492914580e-01
3.380306012604459287e-01
3.380285235501580554e-01
3.380265215844438509e-01
3.380245722816578313e-01
3.380226106097204419e-01
3.380207135264080565e-01
3.380188955209548207e-01
3.380171817544453949e-01
3.380155314482035656e-01
3.380138487518652979e-01
3.380121496672319759e-01
3.380104754251610499e-01
3.380088940291937072e-01
3.380073513790906037e-01
3.380058353660150838e-01
3.380043498278597625e-01
3.380029114792589273e-01
3.380015289405806089e-01
3.380001589695693642e-01
3.379988211817542276e-01
3.379974967448488576e-01
3.379962062427141478e-01
3.379949283469375620e-01
3.379936492162533002e-01
3.379923845624049905e-01
3.379911469722172157e-01
3.379899255889306509e-01
3.379887227089070634e-01
3.379875670421753076e-01
3.379863959388765271e-01
3.379852394896135093e-01
3.379841218799011782e-01
3.379830172135585564e-01
3.379819194714104302e-01
3.379808417202317949e-01
3.379797565428388495e-01
3.379786812288421705e-01
3.379776414831461850e-01
3.379766375421016655e-01
3.379755861005847017e-01
3.379745211080877332e-01
3.379734647469471165e-01
3.379724128521132687e-01
3.379713902772540357e-01
3.379703635221392721e-01
3.379693688873399715e-01
3.379683707527830205e-01
3.379673440018939878e-01
3.379663365017849808e-01
3.379653336341857939e-01
3.379643362281893326e-01
3.379633852721630749e-01
3.379624209038168958e-01
3.379614849870038462e-01
3.379605715345104233e-01
3.379596565523587670e-01
3.379587574614879575e-01
3.379578666318397429e-01
3.379569467573542707e-01
3.379560043521830925e-01
3.379550875522371878e-01
3.379541670535456399e-01
3.379532617639970926e-01
3.379523576376624594e-01
3.379514756684244836e-01
3.379505926663603499e-01
3.379497041499049392e-01
3.379488560100603056e-01
3.379480181246392601e-01
3.379471764749150120e-01
3.379463653031199444e-01
3.379455808901098424e-01
3.379447942776367952e-01
3.379440025609495302e-01
3.379432064534365066e-01
3.379424321348404314e-01
3.379416704771561197e-01
3.379409121006576311e-01
3.379401653992443189e-01
3.379394160666853719e-01
3.379386524774118383e-01
3.379378918659711184e-01
3.379371282291172562e-01
3.379363732885057869e-01
3.379356309100884359e-01
3.379348856517330746e-01
3.379341389094572268e-01
3.379333938592605779e-01
3.379326820667279963e-01
3.379319850208690190e-01
3.379312961007633342e-01
3.379306103098014269e-01
3.379299398853332081e-01
3.379292599762001581e-01
3.379285760241838021e-01
3.379278974241670674e-01
3.379272203125807117e-01
3.379265583953984797e-01
3.379258959506131199e-01
3.379252416634244693e-01
3.379245803083481547e-01
3.379239159213050514e-01
3.379232511642186187e-01
3.379225809962889682e-01
3.379219296264662220e-01
3.379212797997003248e-01
3.379206401544604943e-01
3.379200148625745581e-01
3.379193923581473857e-01
3.379187956274073978e-01
3.379182027482466877e-01
3.379176157781227374e-01
3.379170494887454024e-01
3.379165029655660790e-01
3.379159473483643317e-01
3.379153859304884766e-01
3.379148184015000056e-01
3.379142790936626173e-01
3.379137342316889114e-01
3.379132111738195610e-01
3.379127019075500171e-01
