2.216612389773969426e+03
4.357305885391112632e+00
7.530191469891271971e-01
2.735502540203065269e-01
1.683854130316356779e-01
1.353769935301963601e-01
1.229222452025288820e-01
1.175545089366809570e-01
1.148250394411288317e-01
1.132016284536458139e-01
1.121522797232315238e-01
1.114552889731557223e-01
1.109847572077700545e-01
1.106610108931099928e-01
1.104348644368999405e-01
1.102737764453012165e-01
1.101571775196830000e-01
1.100713116713070983e-01
1.100070220503446411e-01
1.099581793580058642e-01
1.099202569311165112e-01
1.098903627741497496e-01
1.098667351386521107e-01
1.098479533579270473e-01
1.098328655954828592e-01
1.098205350922168699e-01
1.098050571893276345e-01
1.097945105679425243e-01
1.097869987614473186e-01
1.097812465754217370e-01
1.097766428280613354e-01
1.097728298420601739e-01
1.097696005204005232e-01
1.097668480459410706e-01
1.097644816341143692e-01
1.097624156592686140e-01
1.097606179458036763e-01
1.097590691903344157e-01
1.097577432451894985e-01
1.097566121471206524e-01
1.097534029707312453e-01
1.097518600140314354e-01
1.097509585090505752e-01
1.097503173365994567e-01
1.097497976111883045e-01
1.097493504794402608e-01
1.097489526749896999e-01
1.097485843075953205e-01
1.097482411364823912e-01
1.097479197710386073e-01
1.097466720311488370e-01
1.097460615083181990e-01
1.097457277442028256e-01
1.097455078251407395e-01
1.097453382230561408e-01
1.097451870283067954e-01
1.097450461322677095e-01
1.097449135069482745e-01
1.097447883536741414e-01
1.097441565983080652e-01
1.097438448872917333e-01
1.097436925445545719e-01
1.097436050342735225e-01
1.097435412616021011e-01
1.097434799085867663e-01
1.097434186291713909e-01
1.097431349392511135e-01
1.097429689687789145e-01
1.097429122046458538e-01
1.097428798312325982e-01
1.097428498459356583e-01
1.097428172589914597e-01
1.097425911552912248e-01
1.097424580456443366e-01
1.097424210109163856e-01
1.097424010019772134e-01
1.097421924809688920e-01
1.097421035698162295e-01
1.097420749830373687e-01
1.097420593556332480e-01
1.097420427861760944e-01
1.097418097391242298e-01
1.097417438330394734e-01
1.097417224147398257e-01
1.097417105587218111e-01
1.097416968371388163e-01
1.097416823620504800e-01
1.097414581703752418e-01
1.097414099817118904e-01
1.097413968893059949e-01
1.097413887025665141e-01
1.097413797794241225e-01
1.097413697035199004e-01
1.097413599188864636e-01
1.097413504468548878e-01
1.097411544849850457e-01
1.097411235015514491e-01
1.097411175751044493e-01
1.097411136007625937e-01
1.097411086621449955e-01
1.097411035386528649e-01
1.097410988623459677e-01
1.097410942925596822e-01
1.097409658599127202e-01
1.097409479223072359e-01
1.097409446909228814e-01
1.097409420644399891e-01
1.097409389737135366e-01
1.097409357671631086e-01
1.097409325033490007e-01
1.097409290807426496e-01
1.097408706966572084e-01
1.097408578809386387e-01
1.097408551263038823e-01
1.097408526765455417e-01
1.097408229683179415e-01
1.097408130509395646e-01
1.097408111896847199e-01
1.097408092160291337e-01
1.097407967902531284e-01
1.097407884522904192e-01
1.097407697678940974e-01
1.097407629844524279e-01
1.097407406396752466e-01
1.097407353926592305e-01
1.097407349477345917e-01
1.097407195885515274e-01
1.097407158055712928e-01
1.097407035483611432e-01
1.097407008145934310e-01
1.097406793710761636e-01
1.097406775699865250e-01
1.097406476718962992e-01
1.097406455544501364e-01
1.097406433610412513e-01
1.097406421164685009e-01
1.097406112068315398e-01
1.097406096241863444e-01
1.097406077802180052e-01
1.097406067641558958e-01
1.097406057959932346e-01
1.097405767439488117e-01
1.097405754914668047e-01
1.097405739479152958e-01
1.097405731249243566e-01
1.097405723831399726e-01
1.097405456102112653e-01
1.097405444335694258e-01
1.097405432115978741e-01
1.097405425325121697e-01
1.097405419352602968e-01
1.097405189358632571e-01
1.097405181346793601e-01
1.097405172165160092e-01
1.097405165998407567e-01
1.097405160651033912e-01
1.097404977692017503e-01
1.097404971098756565e-01
1.097404964514415993e-01
1.097404960171909777e-01
1.097404841776668805e-01
1.097404838382793069e-01
1.097404832255345491e-01
1.097404828733199722e-01
1.097404747538687636e-01
1.097404745659327080e-01
1.097404665189869455e-01
1.097404663828800558e-01
1.097404597897035511e-01
1.097404596287073486e-01
1.097404592859669292e-01
1.097404527487678139e-01
1.097404525489261845e-01
1.097404462093864025e-01
1.097404461285434452e-01
1.097404403076281815e-01
1.097404402942412788e-01
1.097404400004327873e-01
1.097404340932935235e-01
1.097404340921024068e-01
1.097404284123770779e-01
1.097404284178282174e-01
1.097404234619968333e-01
1.097404234201824480e-01
1.097404190466678559e-01
1.097404191111014393e-01
1.097404188757762217e-01
1.097404143607454974e-01
1.097404122594005660e-01
1.097404122311535918e-01
1.097404105664733787e-01
1.097404103983418144e-01
1.097404081633008011e-01
1.097404050324048141e-01
1.097404017622427008e-01
1.097404018103994988e-01
1.097403980675349111e-01
1.097403982273567197e-01
1.097403981155476160e-01
1.097403945777132295e-01
