2.216612389773969426e+03
4.357262807812947614e+00
7.529618008658173212e-01
2.734918814355878358e-01
1.683342147925822596e-01
1.353366171174357757e-01
1.228932509948990198e-01
1.175369539885870590e-01
1.148122848746430391e-01
1.131910204026096850e-01
1.121437761126722749e-01
1.114473990768456713e-01
1.109765627660450338e-01
1.106524245084625491e-01
1.104259720701589315e-01
1.102646226985497246e-01
1.101476688514445718e-01
1.100613100764130381e-01
1.099964390348409093e-01
1.099468773014215806e-01
1.099082444590104707e-01
1.098776198578415020e-01
1.098533235967573823e-01
1.098340363624014798e-01
1.098185189760294417e-01
1.098058525455955503e-01
1.097953489494368218e-01
1.097866517942077541e-01
1.097795231810373556e-01
1.097737088873882022e-01
1.097689811262311660e-01
1.097650829425795699e-01
1.097618112025003090e-01
1.097590402934483650e-01
1.097566794064404744e-01
1.097546296179756353e-01
1.097528628774287612e-01
1.097513389827538960e-01
1.097500308508072703e-01
1.097489031997230802e-01
1.097479387923465111e-01
1.097471286514901667e-01
1.097464389095395565e-01
1.097458528159929447e-01
1.097453417562211375e-01
1.097448917589575607e-01
1.097444849804186384e-01
1.097441158578952441e-01
1.097437793136302464e-01
1.097434711158806753e-01
1.097431901863903103e-01
1.097429370922681224e-01
1.097427111744339601e-01
1.097425088118926806e-01
1.097423286373260393e-01
1.097421675464571450e-01
1.097420229428015259e-01
1.097418923612201447e-01
1.097417736351257722e-01
1.097416655094485549e-01
1.097415673936215363e-01
1.097414782210322098e-01
1.097413971573755614e-01
1.097413223799368620e-01
1.097412527195139181e-01
1.097411883086659434e-01
1.097411290505470455e-01
1.097410746969629813e-01
1.097410251657367358e-01
1.097409801849880129e-01
1.097409392007259871e-01
1.097409016850299374e-01
1.097408669644368007e-01
1.097408345343852121e-01
1.097408041782543253e-01
1.097407758750959389e-01
1.097407493799843342e-01
1.097407242170481412e-01
1.097407005165887545e-01
1.097406781137682252e-01
1.097406570288193273e-01
1.097406371635258476e-01
1.097406184184326478e-01
1.097406009892074041e-01
1.097405847561320341e-01
1.097405695710918228e-01
1.097405553306469023e-01
1.097405417665993643e-01
1.097405288908532978e-01
1.097405165567879454e-01
1.097405049001568267e-01
1.097404937867669794e-01
1.097404834155342318e-01
1.097404737178471340e-01
1.097404646885187796e-01
1.097404563150468498e-01
1.097404485784376077e-01
1.097404414277499130e-01
1.097404348455948697e-01
1.097404287484354812e-01
1.097404231616726511e-01
1.097404179215758502e-01
1.097404129720346982e-01
1.097404083692804788e-01
1.097404040586782287e-01
1.097403999685307024e-01
1.097403961167766756e-01
1.097403924478715653e-01
1.097403889431585317e-01
1.097403854857351146e-01
1.097403820649899969e-01
1.097403787888532462e-01
1.097403755792012020e-01
1.097403724621396903e-01
1.097403694002433705e-01
1.097403664709104415e-01
1.097403637112451813e-01
1.097403610700117271e-01
1.097403586142417092e-01
1.097403562882140471e-01
1.097403541450952813e-01
1.097403521823738931e-01
1.097403503767195032e-01
1.097403487118453341e-01
1.097403472132972152e-01
1.097403457458928089e-01
1.097403443565544146e-01
1.097403430040630457e-01
1.097403416523013847e-01
1.097403403366324776e-01
1.097403390305091431e-01
1.097403377182705614e-01
1.097403364287122679e-01
1.097403352036754876e-01
1.097403340311443737e-01
1.097403328861948774e-01
1.097403318057951077e-01
1.097403307731173172e-01
1.097403297719952292e-01
1.097403288266211585e-01
1.097403279461869885e-01
1.097403271054421814e-01
1.097403262550669667e-01
1.097403254814205698e-01
1.097403246875260641e-01
1.097403239325685648e-01
1.097403231942244151e-01
1.097403224888529594e-01
1.097403217695257643e-01
1.097403210730086009e-01
1.097403203942013822e-01
1.097403197252518336e-01
1.097403190791438610e-01
1.097403184751096633e-01
1.097403179025027986e-01
1.097403173804378379e-01
1.097403168690943981e-01
1.097403164053859098e-01
1.097403159831163988e-01
1.097403155666103469e-01
1.097403151648447400e-01
1.097403148021139779e-01
1.097403144207033804e-01
1.097403140636155211e-01
1.097403137277501717e-01
1.097403134293252341e-01
1.097403131172076107e-01
1.097403128030841751e-01
1.097403125140984509e-01
1.097403122244310358e-01
1.097403119308581199e-01
1.097403116473291557e-01
1.097403113814338776e-01
1.097403111203397452e-01
1.097403108727025844e-01
1.097403106185682320e-01
1.097403103913747596e-01
1.097403101821056021e-01
1.097403099956982958e-01
1.097403097823684143e-01
1.097403095702513820e-01
1.097403093760678933e-01
1.097403091856655188e-01
1.097403089816678112e-01
1.097403087883258022e-01
1.097403085994419908e-01
1.097403084154116859e-01
1.097403082381707556e-01
1.097403080648743784e-01
1.097403078771570228e-01
1.097403077108220076e-01
1.097403075400180533e-01
1.097403073824973901e-01
1.097403072293950954e-01
1.097403071065069513e-01
1.097403069870921954e-01
1.097403068599505649e-01
1.097403067327514525e-01
1.097403066121368509e-01
1.097403064972408276e-01
